      1.64638
	  error
      1.55023 
      1.54612 
      1.54004 
      1.60666 
      1.48665 
      1.64324 
      1.51259 
      1.56718 
      1.65898 
      1.46271 
      1.61033 
      1.67845 
      1.60833 
      1.48771
      1.61548 
      1.47745 
      1.51166 
      1.65934 
      1.55124 
      1.63349 
      1.59141 
      1.64520 
      1.55601 
      1.63830 
      1.57711 
      1.58464 
      1.65309 
      1.67066 
      1.63383
      1.60722 
      1.74772 
      1.53712 
      1.77965 
      1.72866 
      1.39334 
      1.79338 
      1.62130 
      1.30483 
      1.71398 
      1.74054 
      1.57716 
      1.64926 
      1.62492 
      1.69285 
      1.59722 
      1.70241 
      1.40685 
      1.46920 
      1.69859